-2.461135387420654297e-02
-3.224331140518188477e-02
-3.860982134938240051e-02
-4.273393005132675171e-02
-4.266247153282165527e-02
-3.644134104251861572e-02
-2.699898183345794678e-02
-1.531478762626647949e-02
-5.290206521749496460e-03
2.095490694046020508e-03
2.937763929367065430e-03
-8.136853575706481934e-04
-9.152516722679138184e-03
-2.013212069869041443e-02
-2.788404375314712524e-02
-3.242194652557373047e-02
-2.982610464096069336e-02
-2.205746620893478394e-02
-1.009209454059600830e-02
2.167217433452606201e-03
1.276525110006332397e-02
1.779325306415557861e-02
1.725208014249801636e-02
1.114507764577865601e-02
2.393849194049835205e-03
-4.109486937522888184e-03
-3.490217030048370361e-03
6.202764809131622314e-03
2.888750284910202026e-02
6.454756855964660645e-02
1.092857494950294495e-01
1.611437946557998657e-01
2.142686396837234497e-01
2.647374570369720459e-01
3.076911270618438721e-01
3.411537706851959229e-01
3.670793175697326660e-01
3.835324347019195557e-01
3.943967819213867188e-01
4.016318619251251221e-01
4.111092686653137207e-01
4.228007495403289795e-01
4.406359791755676270e-01
4.645982086658477783e-01
4.986001849174499512e-01
5.367771387100219727e-01
5.791353583335876465e-01
6.198047399520874023e-01
6.587911844253540039e-01
6.902247071266174316e-01
7.101993560791015625e-01
7.187271118164062500e-01
7.118850350379943848e-01
6.955330371856689453e-01
6.716246604919433594e-01
6.421193480491638184e-01
6.109065413475036621e-01
5.819044709205627441e-01
5.590025186538696289e-01
5.383065938949584961e-01
5.237118005752563477e-01
5.113239288330078125e-01
4.991671442985534668e-01
4.862653613090515137e-01
4.706890583038330078e-01
4.533804059028625488e-01
4.343633055686950684e-01
4.155679643154144287e-01
3.970063328742980957e-01
3.806205093860626221e-01
3.654228150844573975e-01
3.514481782913208008e-01
3.366979360580444336e-01
3.192420601844787598e-01
3.000347614288330078e-01
2.771461606025695801e-01
2.525069117546081543e-01
2.280702292919158936e-01
2.058014273643493652e-01
1.876306831836700439e-01
1.764996945858001709e-01
1.714091002941131592e-01
1.723939180374145508e-01
1.774550974369049072e-01
1.856395602226257324e-01
1.930413842201232910e-01
1.986611783504486084e-01
2.005461752414703369e-01
1.977430582046508789e-01
1.902061402797698975e-01
1.799348890781402588e-01
1.678600013256072998e-01
1.559464633464813232e-01
1.442058384418487549e-01
1.355568468570709229e-01
1.280118227005004883e-01
1.235817372798919678e-01
1.212212741374969482e-01
1.200115680694580078e-01
1.194069981575012207e-01
1.179773509502410889e-01
1.152116954326629639e-01
1.106333434581756592e-01
1.047193408012390137e-01
9.744665026664733887e-02
9.081479907035827637e-02
8.525449037551879883e-02
8.225384354591369629e-02
8.278954029083251953e-02
8.733847737312316895e-02
9.493571519851684570e-02
1.050470471382141113e-01
1.152772605419158936e-01
1.236387193202972412e-01
1.291779875755310059e-01
1.303958594799041748e-01
1.273037791252136230e-01
1.199019253253936768e-01
1.101434826850891113e-01
9.898194670677185059e-02
8.838212490081787109e-02
7.979723811149597168e-02
7.323896884918212891e-02
6.893986463546752930e-02
6.638866662979125977e-02
6.463184952735900879e-02
6.293699145317077637e-02
6.101387739181518555e-02
5.866435170173645020e-02
5.610960721969604492e-02
5.419251322746276855e-02
5.352336168289184570e-02
5.447989702224731445e-02
5.727159976959228516e-02
6.181091070175170898e-02
6.720864772796630859e-02
7.287752628326416016e-02
7.773369550704956055e-02
8.128535747528076172e-02
8.297502994537353516e-02
8.292123675346374512e-02
8.134081959724426270e-02
7.877191901206970215e-02
7.579782605171203613e-02
7.289901375770568848e-02
7.051023840904235840e-02
6.882199645042419434e-02
6.784567236900329590e-02
6.725278496742248535e-02
6.700521707534790039e-02
6.670191884040832520e-02
6.599965691566467285e-02
6.488668918609619141e-02
6.310707330703735352e-02
6.079414486885070801e-02
5.816891789436340332e-02
5.549824237823486328e-02
5.299142003059387207e-02
5.139222741127014160e-02
5.071189999580383301e-02
5.092713236808776855e-02
5.227023363113403320e-02
5.404311418533325195e-02
5.572268366813659668e-02
5.682021379470825195e-02
5.684733390808105469e-02
5.580356717109680176e-02
5.318883061408996582e-02
5.000251531600952148e-02
4.619807004928588867e-02
4.278632998466491699e-02
3.975549340248107910e-02
3.804716467857360840e-02
3.771859407424926758e-02
3.772380948066711426e-02
3.809675574302673340e-02
3.836068511009216309e-02
3.749227523803710938e-02
3.600254654884338379e-02
3.340290486812591553e-02
3.016948699951171875e-02
2.679052948951721191e-02
2.424168586730957031e-02
2.153502404689788818e-02
1.964621245861053467e-02
1.761005818843841553e-02
1.540289819240570068e-02
1.205952465534210205e-02
8.544147014617919922e-03
4.868224263191223145e-03
1.995265483856201172e-05
-3.031075000762939453e-03
-4.314124584197998047e-03
-2.858966588973999023e-03
-6.019175052642822266e-04
4.392638802528381348e-03
1.017667353153228760e-02
1.478502154350280762e-02
1.822289824485778809e-02
1.853108406066894531e-02
1.667967438697814941e-02
1.170338690280914307e-02
6.513759493827819824e-03
1.116231083869934082e-03
-1.559898257255554199e-03
-2.503544092178344727e-03
-7.386803627014160156e-04
3.746077418327331543e-03
8.008494973182678223e-03
1.106022298336029053e-02
1.194143295288085938e-02
7.710218429565429688e-03
1.290112733840942383e-03
-9.272828698158264160e-03
-2.006110548973083496e-02
-3.012210130691528320e-02
-3.650332987308502197e-02
-3.923419117927551270e-02
-3.731586039066314697e-02
-3.174284845590591431e-02
-2.349195629358291626e-02
-1.450569927692413330e-02
-7.725551724433898926e-03
-3.158062696456909180e-03
-1.771941781044006348e-03
-3.573261201381683350e-03
-6.609499454498291016e-03
-1.186378300189971924e-02
-1.639822125434875488e-02
-2.021936327219009399e-02
-2.333629131317138672e-02
-2.378506213426589966e-02
-2.450156211853027344e-02
-2.549249678850173950e-02
-2.577584236860275269e-02
-2.632902562618255615e-02
-2.813624963164329529e-02
-2.826428785920143127e-02
-2.671507745981216431e-02
-2.446866035461425781e-02
-2.152162045240402222e-02
-1.690350100398063660e-02
-1.256519556045532227e-02
-9.484734386205673218e-03
-7.664175704121589661e-03
-9.057275950908660889e-03
-1.268727332353591919e-02
-1.855599135160446167e-02
-2.471058070659637451e-02
-3.017582930624485016e-02
-3.495153412222862244e-02
-3.610947355628013611e-02
-3.560281544923782349e-02
-3.245527297258377075e-02
-2.862191386520862579e-02
-2.410074882209300995e-02
-2.084791846573352814e-02
-1.788654364645481110e-02
-1.716763526201248169e-02
-1.674060896039009094e-02
-1.855969056487083435e-02
-1.969392225146293640e-02
-2.112073078751564026e-02
-2.283776551485061646e-02
-2.387206628918647766e-02
-2.714953944087028503e-02
-3.072196245193481445e-02
-3.653749823570251465e-02
-4.264636337757110596e-02
-5.002015829086303711e-02
-5.769126117229461670e-02
-6.369596719741821289e-02
-6.706106662750244141e-02
-6.876647472381591797e-02
-6.783361732959747314e-02
-6.327771395444869995e-02
-5.804049968719482422e-02
-5.113194882869720459e-02
-4.549939185380935669e-02
-4.111447185277938843e-02
-3.996007889509201050e-02
-4.201347380876541138e-02
-4.631035029888153076e-02
-5.381046235561370850e-02
-6.258435547351837158e-02
-7.163298130035400391e-02
-8.096270263195037842e-02
-8.862099051475524902e-02
-9.460268914699554443e-02
-9.989623725414276123e-02
-1.034970432519912720e-01
-1.054343730211257935e-01
-1.086212098598480225e-01
-1.110992282629013062e-01
-1.148277223110198975e-01
-1.178543269634246826e-01
-1.211443692445755005e-01
-1.247043162584304810e-01
-1.265815645456314087e-01
-1.287181228399276733e-01
-1.311205476522445679e-01
-1.328066140413284302e-01
-1.367067396640777588e-01
-1.408684551715850830e-01
-1.462569981813430786e-01
-1.509314179420471191e-01
-1.529218256473541260e-01
-1.512578427791595459e-01
-1.430158615112304688e-01
-1.291444599628448486e-01
-1.087019294500350952e-01
-8.556026220321655273e-02
-6.657914817333221436e-02
-5.660711228847503662e-02
-6.446841359138488770e-02
-9.598809480667114258e-02
-1.570374965667724609e-01
-2.486053258180618286e-01
-3.677390813827514648e-01
-5.085684657096862793e-01
-6.603860259056091309e-01
-8.104509711265563965e-01
-9.509856700897216797e-01
-1.066342353820800781e+00
-1.154556989669799805e+00
-1.209793448448181152e+00
-1.232029438018798828e+00
-1.229088783264160156e+00
-1.206808328628540039e+00
-1.174965858459472656e+00
-1.139420986175537109e+00
-1.104056954383850098e+00
-1.076721429824829102e+00
-1.055427074432373047e+00
-1.040162682533264160e+00
-1.029009819030761719e+00
-1.018028259277343750e+00
-1.005276322364807129e+00
-9.926961660385131836e-01
-9.763818383216857910e-01
-9.602397680282592773e-01
-9.423055648803710938e-01
-9.264973998069763184e-01
-9.137802720069885254e-01
-9.021786451339721680e-01
-8.917384743690490723e-01
-8.833677768707275391e-01
-8.741943836212158203e-01
-8.641843795776367188e-01
-8.543139100074768066e-01
-8.436071872711181641e-01
-8.349707126617431641e-01
-8.284509181976318359e-01
-8.239902257919311523e-01
-8.235650658607482910e-01
-8.271756768226623535e-01
-8.338340520858764648e-01
-8.425521850585937500e-01
-8.543183803558349609e-01
-8.671683073043823242e-01
-8.820782899856567383e-01
-8.980606794357299805e-01
-9.160919189453125000e-01
-9.352070689201354980e-01
-9.563715457916259766e-01
-9.775974750518798828e-01
-9.979544878005981445e-01
-1.015455126762390137e+00
-1.029122829437255859e+00
-1.037992477416992188e+00
-1.043017625808715820e+00
-1.043221950531005859e+00
-1.042523145675659180e+00
-1.039921522140502930e+00
-1.039335012435913086e+00
-1.039775609970092773e+00
-1.043196320533752441e+00
-1.048609018325805664e+00
-1.055048704147338867e+00
-1.059574127197265625e+00
-1.061185598373413086e+00
-1.057964682579040527e+00
-1.050864577293395996e+00
-1.037909269332885742e+00
-1.021074891090393066e+00
-1.002314329147338867e+00
-9.825811386108398438e-01
-9.633516073226928711e-01
-9.465556144714355469e-01
-9.317163825035095215e-01
-9.183454513549804688e-01
-9.064311981201171875e-01
-8.945087790489196777e-01
-8.825663328170776367e-01
-8.691505193710327148e-01
-8.547379970550537109e-01
-8.397935628890991211e-01
-8.248518705368041992e-01
-8.098433017730712891e-01
-7.958133220672607422e-01
-7.821930646896362305e-01
-7.685629725456237793e-01
-7.543884515762329102e-01
-7.386814355850219727e-01
-7.205109000205993652e-01
-6.993196010589599609e-01
-6.749204993247985840e-01
-6.478775739669799805e-01
-6.191904544830322266e-01
-5.901173353195190430e-01
-5.621343851089477539e-01
-5.366604328155517578e-01
-5.146676898002624512e-01
-4.966176748275756836e-01
-4.822734296321868896e-01
-4.707039594650268555e-01
-4.605050086975097656e-01
-4.504555463790893555e-01
-4.393232166767120361e-01
-4.261309802532196045e-01
-4.112332165241241455e-01
-3.950073719024658203e-01
-3.784296512603759766e-01
-3.629413247108459473e-01
-3.492862582206726074e-01
-3.384404182434082031e-01
-3.298922479152679443e-01
-3.226876854896545410e-01
-3.158384859561920166e-01
-3.073680102825164795e-01
-2.968104481697082520e-01
-2.836543619632720947e-01
-2.674453854560852051e-01
-2.500902414321899414e-01
-2.330648005008697510e-01
-2.178336828947067261e-01
-2.058725059032440186e-01
-1.976462751626968384e-01
-1.921665221452713013e-01
-1.884905248880386353e-01
-1.851186007261276245e-01
-1.801145225763320923e-01
-1.734488904476165771e-01
-1.641734838485717773e-01
-1.517708450555801392e-01
-1.401694864034652710e-01
-1.293462961912155151e-01
-1.212649941444396973e-01
-1.159082651138305664e-01
-1.142633855342864990e-01
-1.163241118192672729e-01
-1.191602647304534912e-01
-1.217774897813796997e-01
-1.241923868656158447e-01
-1.234694272279739380e-01
-1.205668598413467407e-01
-1.164840757846832275e-01
-1.111974418163299561e-01
-1.047119796276092529e-01
-9.995709359645843506e-02
-9.595543146133422852e-02
-9.269510209560394287e-02
-9.115773439407348633e-02
-8.938974142074584961e-02
-8.836127817630767822e-02
-8.611878752708435059e-02
-8.363242447376251221e-02
-8.188374340534210205e-02
-7.891918718814849854e-02
-7.472100853919982910e-02
-7.126461714506149292e-02
-6.656760722398757935e-02
-6.260845810174942017e-02
-5.838679522275924683e-02
-5.489025264978408813e-02
-5.406267195940017700e-02
-5.395602434873580933e-02
-5.749380588531494141e-02
-6.174548715353012085e-02
-6.768725067377090454e-02
-7.140913605690002441e-02
-7.389008253812789917e-02
-7.121749967336654663e-02
-6.534389406442642212e-02
-5.529481917619705200e-02
-4.399947077035903931e-02
-3.242389857769012451e-02
-2.253167703747749329e-02
-1.821998134255409241e-02
-1.948972791433334351e-02
-2.438859269022941589e-02
-3.389096632599830627e-02
-4.408722743391990662e-02
-5.302564427256584167e-02
-5.875245854258537292e-02
-6.028917059302330017e-02
-5.861122906208038330e-02
-5.469492822885513306e-02
-4.951654374599456787e-02
-4.474056884646415710e-02
