1.799804687500000000e+00
1.795898437500000000e+00
1.792968750000000000e+00
1.791992187500000000e+00
1.794921875000000000e+00
1.803710937500000000e+00
1.815429687500000000e+00
1.829101562500000000e+00
1.840820312500000000e+00
1.849609375000000000e+00
1.851562500000000000e+00
1.848632812500000000e+00
1.840820312500000000e+00
1.830078125000000000e+00
1.822265625000000000e+00
1.817382812500000000e+00
1.819335937500000000e+00
1.826171875000000000e+00
1.836914062500000000e+00
1.847656250000000000e+00
1.856445312500000000e+00
1.859375000000000000e+00
1.856445312500000000e+00
1.847656250000000000e+00
1.835937500000000000e+00
1.826171875000000000e+00
1.823242187500000000e+00
1.829101562500000000e+00
1.847656250000000000e+00
1.878906250000000000e+00
1.918945312500000000e+00
1.965820312500000000e+00
2.013671875000000000e+00
2.058593750000000000e+00
2.095703125000000000e+00
2.123046875000000000e+00
2.142578125000000000e+00
2.152343750000000000e+00
2.156250000000000000e+00
2.156250000000000000e+00
2.158203125000000000e+00
2.162109375000000000e+00
2.171875000000000000e+00
2.187500000000000000e+00
2.212890625000000000e+00
2.242187500000000000e+00
2.275390625000000000e+00
2.306640625000000000e+00
2.335937500000000000e+00
2.357421875000000000e+00
2.367187500000000000e+00
2.365234375000000000e+00
2.347656250000000000e+00
2.320312500000000000e+00
2.285156250000000000e+00
2.244140625000000000e+00
2.201171875000000000e+00
2.160156250000000000e+00
2.125000000000000000e+00
2.091796875000000000e+00
2.064453125000000000e+00
2.039062500000000000e+00
2.013671875000000000e+00
1.987304687500000000e+00
1.958007812500000000e+00
1.926757812500000000e+00
1.893554687500000000e+00
1.860351562500000000e+00
1.827148437500000000e+00
1.795898437500000000e+00
1.765625000000000000e+00
1.736328125000000000e+00
1.706054687500000000e+00
1.672851562500000000e+00
1.637695312500000000e+00
1.598632812500000000e+00
1.557617187500000000e+00
1.516601562500000000e+00
1.477539062500000000e+00
1.442382812500000000e+00
1.414062500000000000e+00
1.391601562500000000e+00
1.375000000000000000e+00
1.362304687500000000e+00
1.352539062500000000e+00
1.341796875000000000e+00
1.329101562500000000e+00
1.312500000000000000e+00
1.291015625000000000e+00
1.264648437500000000e+00
1.235351562500000000e+00
1.204101562500000000e+00
1.172851562500000000e+00
1.141601562500000000e+00
1.113281250000000000e+00
1.085937500000000000e+00
1.061523437500000000e+00
1.039062500000000000e+00
1.017578125000000000e+00
9.965820312500000000e-01
9.746093750000000000e-01
9.511718750000000000e-01
9.257812500000000000e-01
8.989257812500000000e-01
8.706054687500000000e-01
8.427734375000000000e-01
8.159179687500000000e-01
7.915039062500000000e-01
7.705078125000000000e-01
7.534179687500000000e-01
7.392578125000000000e-01
7.275390625000000000e-01
7.158203125000000000e-01
7.021484375000000000e-01
6.855468750000000000e-01
6.645507812500000000e-01
6.391601562500000000e-01
6.093750000000000000e-01
5.771484375000000000e-01
5.434570312500000000e-01
5.102539062500000000e-01
4.790039062500000000e-01
4.497070312500000000e-01
4.226074218750000000e-01
3.972167968750000000e-01
3.725585937500000000e-01
3.479003906250000000e-01
3.229980468750000000e-01
2.976074218750000000e-01
2.719726562500000000e-01
2.469482421875000000e-01
2.231445312500000000e-01
2.009277343750000000e-01
1.805419921875000000e-01
1.618652343750000000e-01
1.440429687500000000e-01
1.264648437500000000e-01
1.080932617187500000e-01
8.837890625000000000e-02
6.683349609375000000e-02
4.351806640625000000e-02
1.870727539062500000e-02
-7.095336914062500000e-03
-3.329467773437500000e-02
-5.938720703125000000e-02
-8.496093750000000000e-02
-1.098022460937500000e-01
-1.339111328125000000e-01
-1.575927734375000000e-01
-1.809082031250000000e-01
-2.042236328125000000e-01
-2.279052734375000000e-01
-2.519531250000000000e-01
-2.766113281250000000e-01
-3.017578125000000000e-01
-3.271484375000000000e-01
-3.525390625000000000e-01
-3.776855468750000000e-01
-4.018554687500000000e-01
-4.250488281250000000e-01
-4.472656250000000000e-01
-4.682617187500000000e-01
-4.887695312500000000e-01
-5.092773437500000000e-01
-5.302734375000000000e-01
-5.522460937500000000e-01
-5.751953125000000000e-01
-5.996093750000000000e-01
-6.245117187500000000e-01
-6.499023437500000000e-01
-6.748046875000000000e-01
-6.992187500000000000e-01
-7.221679687500000000e-01
-7.436523437500000000e-01
-7.646484375000000000e-01
-7.851562500000000000e-01
-8.056640625000000000e-01
-8.271484375000000000e-01
-8.491210937500000000e-01
-8.720703125000000000e-01
-8.955078125000000000e-01
-9.189453125000000000e-01
-9.414062500000000000e-01
-9.638671875000000000e-01
-9.853515625000000000e-01
-1.006835937500000000e+00
-1.028320312500000000e+00
-1.050781250000000000e+00
-1.073242187500000000e+00
-1.095703125000000000e+00
-1.119140625000000000e+00
-1.140625000000000000e+00
-1.160156250000000000e+00
-1.176757812500000000e+00
-1.192382812500000000e+00
-1.205078125000000000e+00
-1.216796875000000000e+00
-1.229492187500000000e+00
-1.243164062500000000e+00
-1.259765625000000000e+00
-1.278320312500000000e+00
-1.299804687500000000e+00
-1.321289062500000000e+00
-1.342773437500000000e+00
-1.361328125000000000e+00
-1.377929687500000000e+00
-1.391601562500000000e+00
-1.402343750000000000e+00
-1.413085937500000000e+00
-1.424804687500000000e+00
-1.438476562500000000e+00
-1.457031250000000000e+00
-1.477539062500000000e+00
-1.501953125000000000e+00
-1.526367187500000000e+00
-1.549804687500000000e+00
-1.569335937500000000e+00
-1.584960937500000000e+00
-1.595703125000000000e+00
-1.602539062500000000e+00
-1.606445312500000000e+00
-1.609375000000000000e+00
-1.614257812500000000e+00
-1.621093750000000000e+00
-1.630859375000000000e+00
-1.643554687500000000e+00
-1.657226562500000000e+00
-1.672851562500000000e+00
-1.687500000000000000e+00
-1.701171875000000000e+00
-1.713867187500000000e+00
-1.723632812500000000e+00
-1.733398437500000000e+00
-1.743164062500000000e+00
-1.751953125000000000e+00
-1.760742187500000000e+00
-1.770507812500000000e+00
-1.778320312500000000e+00
-1.784179687500000000e+00
-1.789062500000000000e+00
-1.792968750000000000e+00
-1.794921875000000000e+00
-1.796875000000000000e+00
-1.799804687500000000e+00
-1.803710937500000000e+00
-1.810546875000000000e+00
-1.819335937500000000e+00
-1.830078125000000000e+00
-1.840820312500000000e+00
-1.850585937500000000e+00
-1.859375000000000000e+00
-1.864257812500000000e+00
-1.867187500000000000e+00
-1.867187500000000000e+00
-1.866210937500000000e+00
-1.864257812500000000e+00
-1.863281250000000000e+00
-1.862304687500000000e+00
-1.863281250000000000e+00
-1.864257812500000000e+00
-1.867187500000000000e+00
-1.869140625000000000e+00
-1.871093750000000000e+00
-1.873046875000000000e+00
-1.874023437500000000e+00
-1.876953125000000000e+00
-1.879882812500000000e+00
-1.884765625000000000e+00
-1.889648437500000000e+00
-1.895507812500000000e+00
-1.901367187500000000e+00
-1.905273437500000000e+00
-1.906250000000000000e+00
-1.905273437500000000e+00
-1.901367187500000000e+00
-1.893554687500000000e+00
-1.884765625000000000e+00
-1.874023437500000000e+00
-1.864257812500000000e+00
-1.855468750000000000e+00
-1.849609375000000000e+00
-1.846679687500000000e+00
-1.845703125000000000e+00
-1.847656250000000000e+00
-1.850585937500000000e+00
-1.853515625000000000e+00
-1.856445312500000000e+00
-1.857421875000000000e+00
-1.856445312500000000e+00
-1.854492187500000000e+00
-1.850585937500000000e+00
-1.844726562500000000e+00
-1.839843750000000000e+00
-1.833984375000000000e+00
-1.829101562500000000e+00
-1.823242187500000000e+00
-1.817382812500000000e+00
-1.811523437500000000e+00
-1.803710937500000000e+00
-1.795898437500000000e+00
-1.788085937500000000e+00
-1.779296875000000000e+00
-1.772460937500000000e+00
-1.765625000000000000e+00
-1.759765625000000000e+00
-1.752929687500000000e+00
-1.743164062500000000e+00
-1.729492187500000000e+00
-1.708984375000000000e+00
-1.682617187500000000e+00
-1.649414062500000000e+00
-1.613281250000000000e+00
-1.581054687500000000e+00
-1.557617187500000000e+00
-1.551757812500000000e+00
-1.569335937500000000e+00
-1.616210937500000000e+00
-1.693359375000000000e+00
-1.797851562500000000e+00
-1.923828125000000000e+00
-2.060546875000000000e+00
-2.195312500000000000e+00
-2.320312500000000000e+00
-2.419921875000000000e+00
-2.492187500000000000e+00
-2.531250000000000000e+00
-2.537109375000000000e+00
-2.517578125000000000e+00
-2.478515625000000000e+00
-2.429687500000000000e+00
-2.376953125000000000e+00
-2.324218750000000000e+00
-2.279296875000000000e+00
-2.240234375000000000e+00
-2.207031250000000000e+00
-2.177734375000000000e+00
-2.148437500000000000e+00
-2.117187500000000000e+00
-2.085937500000000000e+00
-2.050781250000000000e+00
-2.015625000000000000e+00
-1.978515625000000000e+00
-1.943359375000000000e+00
-1.911132812500000000e+00
-1.879882812500000000e+00
-1.849609375000000000e+00
-1.821289062500000000e+00
-1.791992187500000000e+00
-1.761718750000000000e+00
-1.731445312500000000e+00
-1.700195312500000000e+00
-1.670898437500000000e+00
-1.643554687500000000e+00
-1.618164062500000000e+00
-1.596679687500000000e+00
-1.579101562500000000e+00
-1.564453125000000000e+00
-1.551757812500000000e+00
-1.541992187500000000e+00
-1.533203125000000000e+00
-1.526367187500000000e+00
-1.520507812500000000e+00
-1.516601562500000000e+00
-1.513671875000000000e+00
-1.512695312500000000e+00
-1.511718750000000000e+00
-1.509765625000000000e+00
-1.504882812500000000e+00
-1.496093750000000000e+00
-1.482421875000000000e+00
-1.464843750000000000e+00
-1.442382812500000000e+00
-1.418945312500000000e+00
-1.393554687500000000e+00
-1.370117187500000000e+00
-1.347656250000000000e+00
-1.328125000000000000e+00
-1.310546875000000000e+00
-1.293945312500000000e+00
-1.275390625000000000e+00
-1.253906250000000000e+00
-1.227539062500000000e+00
-1.197265625000000000e+00
-1.161132812500000000e+00
-1.121093750000000000e+00
-1.079101562500000000e+00
-1.036132812500000000e+00
-9.936523437500000000e-01
-9.536132812500000000e-01
-9.155273437500000000e-01
-8.789062500000000000e-01
-8.437500000000000000e-01
-8.085937500000000000e-01
-7.734375000000000000e-01
-7.368164062500000000e-01
-6.992187500000000000e-01
-6.611328125000000000e-01
-6.230468750000000000e-01
-5.849609375000000000e-01
-5.478515625000000000e-01
-5.112304687500000000e-01
-4.746093750000000000e-01
-4.375000000000000000e-01
-3.989257812500000000e-01
-3.579101562500000000e-01
-3.139648437500000000e-01
-2.668457031250000000e-01
-2.171630859375000000e-01
-1.658935546875000000e-01
-1.143188476562500000e-01
-6.390380859375000000e-02
-1.606750488281250000e-02
2.818298339843750000e-02
6.842041015625000000e-02
1.048583984375000000e-01
1.384277343750000000e-01
1.705322265625000000e-01
2.023925781250000000e-01
2.352294921875000000e-01
2.700195312500000000e-01
3.063964843750000000e-01
3.439941406250000000e-01
3.818359375000000000e-01
4.184570312500000000e-01
4.531250000000000000e-01
4.848632812500000000e-01
5.141601562500000000e-01
5.419921875000000000e-01
5.693359375000000000e-01
5.981445312500000000e-01
6.289062500000000000e-01
6.621093750000000000e-01
6.982421875000000000e-01
7.353515625000000000e-01
7.719726562500000000e-01
8.066406250000000000e-01
8.378906250000000000e-01
8.652343750000000000e-01
8.896484375000000000e-01
9.121093750000000000e-01
9.340820312500000000e-01
9.575195312500000000e-01
9.824218750000000000e-01
1.009765625000000000e+00
1.040039062500000000e+00
1.069335937500000000e+00
1.097656250000000000e+00
1.123046875000000000e+00
1.145507812500000000e+00
1.164062500000000000e+00
1.178710937500000000e+00
1.192382812500000000e+00
1.206054687500000000e+00
1.219726562500000000e+00
1.236328125000000000e+00
1.254882812500000000e+00
1.274414062500000000e+00
1.294921875000000000e+00
1.316406250000000000e+00
1.335937500000000000e+00
1.354492187500000000e+00
1.372070312500000000e+00
1.387695312500000000e+00
1.403320312500000000e+00
1.417968750000000000e+00
1.433593750000000000e+00
1.449218750000000000e+00
1.463867187500000000e+00
1.479492187500000000e+00
1.496093750000000000e+00
1.511718750000000000e+00
1.528320312500000000e+00
1.543945312500000000e+00
1.559570312500000000e+00
1.574218750000000000e+00
1.585937500000000000e+00
1.596679687500000000e+00
1.603515625000000000e+00
1.609375000000000000e+00
1.613281250000000000e+00
1.619140625000000000e+00
1.625976562500000000e+00
1.637695312500000000e+00
1.652343750000000000e+00
1.670898437500000000e+00
1.690429687500000000e+00
1.709960937500000000e+00
1.727539062500000000e+00
1.739257812500000000e+00
1.745117187500000000e+00
1.747070312500000000e+00
1.744140625000000000e+00
1.740234375000000000e+00
1.737304687500000000e+00
1.737304687500000000e+00
1.741210937500000000e+00
1.748046875000000000e+00
1.756835937500000000e+00
1.766601562500000000e+00
1.775390625000000000e+00
