0.000000000000000000e+00
7.539680600166320801e-02
1.507817059755325317e-01
2.261427938938140869e-01
3.014681637287139893e-01
3.767459392547607422e-01
4.519642293453216553e-01
5.271111130714416504e-01
6.021748185157775879e-01
6.771433949470520020e-01
7.520050406455993652e-01
8.267478942871093750e-01
9.013602733612060547e-01
9.758302569389343262e-01
1.050146222114562988e+00
1.124296188354492188e+00
1.198268771171569824e+00
1.272052049636840820e+00
1.345634460449218750e+00
1.419004440307617188e+00
1.492150306701660156e+00
1.565060496330261230e+00
1.637723565101623535e+00
1.710128068923950195e+00
1.782262444496154785e+00
1.854115486145019531e+00
1.925675630569458008e+00
1.996931672096252441e+00
2.067872524261474609e+00
2.138486623764038086e+00
2.208763122558593750e+00
2.278690814971923828e+00
2.348258733749389648e+00
2.417455673217773438e+00
2.486271142959594727e+00
2.554693698883056641e+00
2.622712850570678711e+00
2.690318107604980469e+00
2.757498264312744141e+00
2.824243068695068359e+00
2.890542030334472656e+00
2.956384181976318359e+00
3.021759748458862305e+00
3.086658000946044922e+00
3.151068925857543945e+00
3.214982271194458008e+00
3.278388023376464844e+00
3.341275930404663086e+00
3.403636217117309570e+00
3.465458869934082031e+00
3.526734352111816406e+00
3.587453126907348633e+00
3.647605180740356445e+00
3.707181215286254883e+00
3.766171932220458984e+00
3.824568033218383789e+00
3.882359981536865234e+00
3.939538955688476562e+00
3.996095657348632812e+00
4.052021503448486328e+00
4.107307434082031250e+00
4.161944866180419922e+00
4.215924739837646484e+00
4.269238948822021484e+00
4.321879386901855469e+00
4.373836994171142578e+00
4.425104141235351562e+00
4.475672245025634766e+00
4.525533676147460938e+00
4.574680328369140625e+00
4.623104572296142578e+00
4.670799255371093750e+00
4.717755794525146484e+00
4.763967514038085938e+00
4.809426784515380859e+00
4.854126930236816406e+00
4.898060321807861328e+00
4.941220283508300781e+00
4.983600139617919922e+00
5.025192737579345703e+00
5.065991878509521484e+00
5.105990886688232422e+00
5.145184040069580078e+00
5.183564186096191406e+00
5.221126079559326172e+00
5.257863521575927734e+00
5.293770313262939453e+00
5.328841209411621094e+00
5.363070964813232422e+00
5.396453380584716797e+00
5.428984165191650391e+00
5.460657119750976562e+00
5.491467952728271484e+00
5.521411895751953125e+00
5.550483703613281250e+00
5.578678607940673828e+00
5.605993270874023438e+00
5.632421970367431641e+00
5.657961845397949219e+00
5.682607650756835938e+00
5.706356525421142578e+00
5.729204177856445312e+00
5.751147270202636719e+00
5.772181987762451172e+00
5.792304992675781250e+00
5.811513900756835938e+00
5.829804420471191406e+00
5.847174644470214844e+00
5.863621711730957031e+00
5.879142761230468750e+00
5.893735408782958984e+00
5.907396793365478516e+00
5.920125961303710938e+00
5.931920051574707031e+00
5.942777633666992188e+00
5.952696323394775391e+00
5.961675167083740234e+00
5.969712734222412109e+00
5.976807594299316406e+00
5.982958316802978516e+00
5.988164424896240234e+00
5.992424964904785156e+00
5.995739459991455078e+00
5.998106956481933594e+00
5.999526977539062500e+00
6.000000000000000000e+00
5.999525547027587891e+00
5.998103141784667969e+00
5.995734214782714844e+00
5.992418289184570312e+00
5.988155841827392578e+00
5.982947826385498047e+00
5.976795196533203125e+00
5.969698429107666016e+00
5.961659431457519531e+00
5.952678680419921875e+00
5.942758083343505859e+00
5.931898593902587891e+00
5.920103073120117188e+00
5.907371997833251953e+00
5.893708705902099609e+00
5.879114151000976562e+00
5.863591670989990234e+00
5.847143173217773438e+00
5.829771041870117188e+00
5.811478614807128906e+00
5.792268276214599609e+00
5.772143363952636719e+00
5.751106739044189453e+00
5.729162216186523438e+00
5.706312656402587891e+00
5.682562351226806641e+00
5.657914638519287109e+00
5.632373332977294922e+00
5.605942726135253906e+00
5.578626632690429688e+00
5.550429821014404297e+00
5.521356105804443359e+00
5.491410732269287109e+00
5.460598468780517578e+00
5.428923606872558594e+00
5.396391391754150391e+00
5.363007545471191406e+00
5.328776359558105469e+00
5.293703556060791016e+00
5.257794857025146484e+00
5.221055984497070312e+00
5.183492660522460938e+00
5.145111083984375000e+00
5.105916500091552734e+00
5.065916061401367188e+00
5.025115489959716797e+00
4.983520984649658203e+00
4.941140174865722656e+00
4.897978305816650391e+00
4.854043483734130859e+00
4.809342384338378906e+00
4.763881206512451172e+00
4.717668056488037109e+00
4.670710086822509766e+00
4.623014450073242188e+00
4.574588775634765625e+00
4.525440692901611328e+00
4.475577831268310547e+00
4.425008296966552734e+00
4.373740196228027344e+00
4.321781158447265625e+00
4.269139766693115234e+00
4.215824127197265625e+00
4.161842823028564453e+00
4.107203960418701172e+00
4.051917076110839844e+00
3.995990037918090820e+00
3.939431905746459961e+00
3.882251977920532227e+00
3.824458837509155273e+00
3.766061782836914062e+00
3.707069873809814453e+00
3.647492647171020508e+00
3.587339401245117188e+00
3.526619672775268555e+00
3.465343236923217773e+00
3.403519392013549805e+00
3.341158151626586914e+00
3.278269290924072266e+00
3.214862585067749023e+00
3.150948286056518555e+00
3.086536645889282227e+00
3.021637439727783203e+00
2.956260919570922852e+00
2.890417814254760742e+00
2.824118137359619141e+00
2.757372379302978516e+00
2.690191268920898438e+00
2.622585535049438477e+00
2.554565429687500000e+00
2.486142158508300781e+00
2.417325973510742188e+00
2.348128318786621094e+00
2.278559684753417969e+00
2.208631277084350586e+00
2.138354301452636719e+00
2.067739486694335938e+00
1.996798038482666016e+00
1.925541400909423828e+00
1.853980660438537598e+00
1.782127141952514648e+00
1.709992170333862305e+00
1.637587308883666992e+00
1.564923763275146484e+00
1.492012977600097656e+00
1.418866753578186035e+00
1.345496416091918945e+00
1.271913528442382812e+00
1.198129892349243164e+00
1.124157071113586426e+00
1.050006628036499023e+00
9.756904244422912598e-01
9.012201428413391113e-01
8.266075253486633301e-01
7.518644332885742188e-01
6.770025491714477539e-01
6.020337939262390137e-01
5.269699692726135254e-01
4.518229067325592041e-01
3.766044974327087402e-01
3.013266324996948242e-01
2.260011732578277588e-01
1.506400257349014282e-01
7.525508850812911987e-02
-1.417270541423931718e-04
-7.553852349519729614e-02
-1.509233862161636353e-01
-2.262844145298004150e-01
-3.016097247600555420e-01
-3.768873810768127441e-01
-4.521055519580841064e-01
-5.272523164749145508e-01
-6.023157835006713867e-01
-6.772841811180114746e-01
-7.521456480026245117e-01
-8.268883228302001953e-01
-9.015004038810729980e-01
-9.759700894355773926e-01
-1.050285696983337402e+00
-1.124435424804687500e+00
-1.198407649993896484e+00
-1.272190570831298828e+00
-1.345772624015808105e+00
-1.419142127037048340e+00
-1.492287635803222656e+00
-1.565197348594665527e+00
-1.637859940528869629e+00
-1.710263967514038086e+00
-1.782397866249084473e+00
-1.854250192642211914e+00
-1.925809860229492188e+00
-1.997065305709838867e+00
-2.068005561828613281e+00
-2.138618946075439453e+00
-2.208894968032836914e+00
-2.278821945190429688e+00
-2.348389148712158203e+00
-2.417585372924804688e+00
-2.486400127410888672e+00
-2.554821968078613281e+00
-2.622840404510498047e+00
-2.690444707870483398e+00
-2.757624149322509766e+00
-2.824368238449096680e+00
-2.890666007995605469e+00
-2.956507682800292969e+00
-3.021882295608520508e+00
-3.086779594421386719e+00
-3.151189565658569336e+00
-3.215101957321166992e+00
-3.278506517410278320e+00
-3.341393470764160156e+00
-3.403752803802490234e+00
-3.465574502944946289e+00
-3.526849031448364258e+00
-3.587566614151000977e+00
-3.647717714309692383e+00
-3.707292795181274414e+00
-3.766282320022583008e+00
-3.824677228927612305e+00
-3.882467985153198242e+00
-3.939645767211914062e+00
-3.996201515197753906e+00
-4.052125930786132812e+00
-4.107410907745361328e+00
-4.162046909332275391e+00
-4.216025829315185547e+00
-4.269338607788085938e+00
-4.321977615356445312e+00
-4.373933792114257812e+00
-4.425199508666992188e+00
-4.475766658782958984e+00
-4.525626659393310547e+00
-4.574771881103515625e+00
-4.623195171356201172e+00
-4.670887947082519531e+00
-4.717843532562255859e+00
-4.764053821563720703e+00
-4.809511661529541016e+00
-4.854210376739501953e+00
-4.898142337799072266e+00
-4.941300868988037109e+00
-4.983678817749023438e+00
-5.025269985198974609e+00
-5.066067695617675781e+00
-5.106065273284912109e+00
-5.145256996154785156e+00
-5.183635711669921875e+00
-5.221195697784423828e+00
-5.257931709289550781e+00
-5.293837070465087891e+00
-5.328906536102294922e+00
-5.363134384155273438e+00
-5.396515369415283203e+00
-5.429044246673583984e+00
-5.460715770721435547e+00
-5.491525173187255859e+00
-5.521467208862304688e+00
-5.550537109375000000e+00
-5.578731060028076172e+00
-5.606043338775634766e+00
-5.632471084594726562e+00
-5.658009052276611328e+00
-5.682653427124023438e+00
-5.706400394439697266e+00
-5.729246139526367188e+00
-5.751187801361083984e+00
-5.772220611572265625e+00
-5.792342185974121094e+00
-5.811549186706542969e+00
-5.829838275909423828e+00
-5.847206592559814453e+00
-5.863651752471923828e+00
-5.879170894622802734e+00
-5.893761634826660156e+00
-5.907421588897705078e+00
-5.920148849487304688e+00
-5.931941509246826172e+00
-5.942797183990478516e+00
-5.952713966369628906e+00
-5.961691379547119141e+00
-5.969727039337158203e+00
-5.976819992065429688e+00
-5.982969284057617188e+00
-5.988173484802246094e+00
-5.992432117462158203e+00
-5.995744705200195312e+00
-5.998110294342041016e+00
-5.999528884887695312e+00
-6.000000000000000000e+00
-5.999523639678955078e+00
-5.998099803924560547e+00
-5.995728969573974609e+00
-5.992411136627197266e+00
-5.988146781921386719e+00
-5.982937335968017578e+00
-5.976782798767089844e+00
-5.969684123992919922e+00
-5.961643218994140625e+00
-5.952661037445068359e+00
-5.942738533020019531e+00
-5.931877613067626953e+00
-5.920079708099365234e+00
-5.907347202301025391e+00
-5.893682003021240234e+00
-5.879086017608642578e+00
-5.863561630249023438e+00
-5.847111225128173828e+00
-5.829737663269042969e+00
-5.811443328857421875e+00
-5.792231082916259766e+00
-5.772104740142822266e+00
-5.751066207885742188e+00
-5.729120254516601562e+00
-5.706268787384033203e+00
-5.682517051696777344e+00
-5.657867431640625000e+00
-5.632324218750000000e+00
-5.605892181396484375e+00
-5.578574180603027344e+00
-5.550375938415527344e+00
-5.521300792694091797e+00
-5.491353988647460938e+00
-5.460539817810058594e+00
-5.428863525390625000e+00
-5.396329879760742188e+00
-5.362943649291992188e+00
-5.328711032867431641e+00
-5.293636798858642578e+00
-5.257726669311523438e+00
-5.220986366271972656e+00
-5.183421611785888672e+00
-5.145038127899169922e+00
-5.105842113494873047e+00
-5.065839767456054688e+00
-5.025037765502929688e+00
-4.983442306518554688e+00
-4.941059589385986328e+00
-4.897896766662597656e+00
-4.853960514068603516e+00
-4.809257507324218750e+00
-4.763795375823974609e+00
-4.717580795288085938e+00
-4.670620918273925781e+00
-4.622923851013183594e+00
-4.574496746063232422e+00
-4.525347709655761719e+00
-4.475483417510986328e+00
-4.424912452697753906e+00
-4.373642921447753906e+00
-4.321682929992675781e+00
-4.269040107727050781e+00
-4.215723037719726562e+00
-4.161740779876708984e+00
-4.107100963592529297e+00
-4.051812648773193359e+00
-3.995884180068969727e+00
-3.939325094223022461e+00
-3.882143735885620117e+00
-3.824349641799926758e+00
-3.765951395034790039e+00
-3.706958532333374023e+00
-3.647380113601684570e+00
-3.587225914001464844e+00
-3.526505231857299805e+00
-3.465227603912353516e+00
-3.403402566909790039e+00
-3.341040372848510742e+00
-3.278150558471679688e+00
-3.214742898941040039e+00
-3.150827884674072266e+00
-3.086415052413940430e+00
-3.021514892578125000e+00
-2.956137657165527344e+00
-2.890293598175048828e+00
-2.823992967605590820e+00
-2.757246494293212891e+00
-2.690064668655395508e+00
-2.622457981109619141e+00
-2.554437160491943359e+00
-2.486012935638427734e+00
-2.417196273803710938e+00
-2.347997903823852539e+00
-2.278428554534912109e+00
-2.208499670028686523e+00
-2.138221740722656250e+00
-2.067606449127197266e+00
-1.996664404869079590e+00
-1.925407171249389648e+00
-1.853845834732055664e+00
-1.781991839408874512e+00
-1.709856390953063965e+00
-1.637450933456420898e+00
-1.564786911010742188e+00
-1.491875767707824707e+00
-1.418729066848754883e+00
-1.345358252525329590e+00
-1.271775007247924805e+00
-1.197991013526916504e+00
-1.124017834663391113e+00
-1.049867033958435059e+00
-9.755505919456481934e-01
-9.010800123214721680e-01
-8.264671564102172852e-01
-7.517238259315490723e-01
-6.768617630004882812e-01
-6.018927693367004395e-01
-5.268287658691406250e-01
-4.516815841197967529e-01
-3.764630556106567383e-01
-3.011850714683532715e-01
-2.258595377206802368e-01
-1.504983454942703247e-01
-7.511337101459503174e-02
